{
 "cells": [
  {
   "cell_type": "markdown",
   "id": "16313b3a",
   "metadata": {},
   "source": [
    "## Задание на повторение материала"
   ]
  },
  {
   "cell_type": "code",
   "execution_count": 4,
   "id": "0b3d90ad",
   "metadata": {},
   "outputs": [],
   "source": [
    "import numpy as np"
   ]
  },
  {
   "cell_type": "markdown",
   "id": "5e85f96a",
   "metadata": {},
   "source": [
    "**task 1\n",
    "\n",
    "Создать одномерный массив Numpy под названием a из 12 последовательных целых чисел чисел от 12 до 24 невключительно"
   ]
  },
  {
   "cell_type": "code",
   "execution_count": 9,
   "id": "412ac203",
   "metadata": {},
   "outputs": [
    {
     "name": "stdout",
     "output_type": "stream",
     "text": [
      "[12 13 14 15 16 17 18 19 20 21 22 23]\n"
     ]
    }
   ],
   "source": [
    "a = np.arange(12, 24)\n",
    "print(a)"
   ]
  },
  {
   "cell_type": "markdown",
   "id": "a643013b",
   "metadata": {},
   "source": [
    "**task 2\n",
    "\n",
    "Создать 5 двумерных массивов разной формы из массива a. Не использовать в аргументах метода reshape число -1."
   ]
  },
  {
   "cell_type": "code",
   "execution_count": 13,
   "id": "d6c51e7a",
   "metadata": {},
   "outputs": [
    {
     "name": "stdout",
     "output_type": "stream",
     "text": [
      "[[12 13 14 15]\n",
      " [16 17 18 19]\n",
      " [20 21 22 23]]\n"
     ]
    }
   ],
   "source": [
    "ar1 = a.reshape(3, 4)\n",
    "print(ar1)"
   ]
  },
  {
   "cell_type": "code",
   "execution_count": 14,
   "id": "95c29dfe",
   "metadata": {},
   "outputs": [
    {
     "name": "stdout",
     "output_type": "stream",
     "text": [
      "[[12 13 14]\n",
      " [15 16 17]\n",
      " [18 19 20]\n",
      " [21 22 23]]\n"
     ]
    }
   ],
   "source": [
    "ar2 = a.reshape(4, 3)\n",
    "print(ar2)"
   ]
  },
  {
   "cell_type": "code",
   "execution_count": 15,
   "id": "f43a18c8",
   "metadata": {},
   "outputs": [
    {
     "name": "stdout",
     "output_type": "stream",
     "text": [
      "[[12 13 14 15 16 17]\n",
      " [18 19 20 21 22 23]]\n"
     ]
    }
   ],
   "source": [
    "ar3 = a.reshape(2, 6)\n",
    "print(ar3)"
   ]
  },
  {
   "cell_type": "code",
   "execution_count": 16,
   "id": "37b741c2",
   "metadata": {},
   "outputs": [
    {
     "name": "stdout",
     "output_type": "stream",
     "text": [
      "[[12 13]\n",
      " [14 15]\n",
      " [16 17]\n",
      " [18 19]\n",
      " [20 21]\n",
      " [22 23]]\n"
     ]
    }
   ],
   "source": [
    "ar4 = a.reshape(6, 2)\n",
    "print(ar4)"
   ]
  },
  {
   "cell_type": "code",
   "execution_count": 25,
   "id": "e3707449",
   "metadata": {},
   "outputs": [
    {
     "name": "stdout",
     "output_type": "stream",
     "text": [
      "[[12]\n",
      " [13]\n",
      " [14]\n",
      " [15]\n",
      " [16]\n",
      " [17]\n",
      " [18]\n",
      " [19]\n",
      " [20]\n",
      " [21]\n",
      " [22]\n",
      " [23]]\n"
     ]
    }
   ],
   "source": [
    "ar5 = a.reshape(12, 1)\n",
    "print(ar5)"
   ]
  },
  {
   "cell_type": "markdown",
   "id": "1d78a84e",
   "metadata": {},
   "source": [
    "**task 3\n",
    "\n",
    "Создать 5 двумерных массивов разной формы из массива a. Использовать в аргументах метода reshape число -1 (в трех примерах - для обозначения числа столбцов, в двух - для строк)."
   ]
  },
  {
   "cell_type": "code",
   "execution_count": 27,
   "id": "e76b5ce5",
   "metadata": {},
   "outputs": [
    {
     "name": "stdout",
     "output_type": "stream",
     "text": [
      "[[12 13 14 15 16 17]\n",
      " [18 19 20 21 22 23]]\n"
     ]
    }
   ],
   "source": [
    "arr1 = a.reshape(2, -1)\n",
    "print(arr1)"
   ]
  },
  {
   "cell_type": "code",
   "execution_count": 29,
   "id": "1c12e138",
   "metadata": {},
   "outputs": [
    {
     "name": "stdout",
     "output_type": "stream",
     "text": [
      "[[12 13 14 15]\n",
      " [16 17 18 19]\n",
      " [20 21 22 23]]\n"
     ]
    }
   ],
   "source": [
    "arr2 = a.reshape(3, -1)\n",
    "print(arr2)"
   ]
  },
  {
   "cell_type": "code",
   "execution_count": 37,
   "id": "cc18f0b9",
   "metadata": {},
   "outputs": [
    {
     "name": "stdout",
     "output_type": "stream",
     "text": [
      "[[12]\n",
      " [13]\n",
      " [14]\n",
      " [15]\n",
      " [16]\n",
      " [17]\n",
      " [18]\n",
      " [19]\n",
      " [20]\n",
      " [21]\n",
      " [22]\n",
      " [23]]\n"
     ]
    }
   ],
   "source": [
    "arr3 = a.reshape(12, -1)\n",
    "print(arr3)"
   ]
  },
  {
   "cell_type": "code",
   "execution_count": 31,
   "id": "f32b9666",
   "metadata": {},
   "outputs": [
    {
     "name": "stdout",
     "output_type": "stream",
     "text": [
      "[[12 13]\n",
      " [14 15]\n",
      " [16 17]\n",
      " [18 19]\n",
      " [20 21]\n",
      " [22 23]]\n"
     ]
    }
   ],
   "source": [
    "arr4 = a.reshape(-1, 2)\n",
    "print(arr4)"
   ]
  },
  {
   "cell_type": "code",
   "execution_count": 36,
   "id": "e511a4d7",
   "metadata": {},
   "outputs": [
    {
     "name": "stdout",
     "output_type": "stream",
     "text": [
      "[[12 13 14]\n",
      " [15 16 17]\n",
      " [18 19 20]\n",
      " [21 22 23]]\n"
     ]
    }
   ],
   "source": [
    "arr5 = a.reshape(-1, 3)\n",
    "print(arr5)"
   ]
  },
  {
   "cell_type": "markdown",
   "id": "7df36936",
   "metadata": {},
   "source": [
    "**task 4\n",
    "\n",
    "Можно ли массив Numpy, состоящий из одного столбца и 12 строк, назвать одномерным?"
   ]
  },
  {
   "cell_type": "code",
   "execution_count": null,
   "id": "eab03595",
   "metadata": {},
   "outputs": [],
   "source": [
    "Да"
   ]
  },
  {
   "cell_type": "markdown",
   "id": "009a11e2",
   "metadata": {},
   "source": [
    "**task 5\n",
    "\n",
    "Создать массив из 3 строк и 4 столбцов, состоящий из случайных чисел с плавающей запятой из нормального распределения со средним, равным 0 и среднеквадратичным отклонением, равным 1.0. Получить из этого массива одномерный массив с таким же атрибутом size, как и исходный массив."
   ]
  },
  {
   "cell_type": "code",
   "execution_count": 49,
   "id": "adf64a80",
   "metadata": {},
   "outputs": [
    {
     "name": "stdout",
     "output_type": "stream",
     "text": [
      "[[ 0.143115    0.95088483  1.93252348 -0.52241131]\n",
      " [ 0.06763634 -0.45753628  0.39955454 -1.08315528]\n",
      " [ 0.09553609 -1.89418788 -1.19439808  1.50791691]]\n"
     ]
    },
    {
     "data": {
      "text/plain": [
       "12"
      ]
     },
     "execution_count": 49,
     "metadata": {},
     "output_type": "execute_result"
    }
   ],
   "source": [
    "x = np.random.randn(3, 4)\n",
    "print(x)\n",
    "x.size"
   ]
  },
  {
   "cell_type": "code",
   "execution_count": 50,
   "id": "4a78c770",
   "metadata": {},
   "outputs": [
    {
     "name": "stdout",
     "output_type": "stream",
     "text": [
      "[ 0.143115    0.95088483  1.93252348 -0.52241131  0.06763634 -0.45753628\n",
      "  0.39955454 -1.08315528  0.09553609 -1.89418788 -1.19439808  1.50791691]\n"
     ]
    },
    {
     "data": {
      "text/plain": [
       "12"
      ]
     },
     "execution_count": 50,
     "metadata": {},
     "output_type": "execute_result"
    }
   ],
   "source": [
    "x1 = x.flatten()\n",
    "print(x1)\n",
    "x.size"
   ]
  },
  {
   "cell_type": "markdown",
   "id": "a46982b2",
   "metadata": {},
   "source": [
    "**task 6\n",
    "\n",
    "Создать массив a, состоящий из целых чисел, убывающих от 20 до 0 невключительно с интервалом 2."
   ]
  },
  {
   "cell_type": "code",
   "execution_count": 39,
   "id": "3028a360",
   "metadata": {},
   "outputs": [
    {
     "name": "stdout",
     "output_type": "stream",
     "text": [
      "[20 18 16 14 12 10  8  6  4  2]\n"
     ]
    }
   ],
   "source": [
    "a = np.arange(20, 0, -2)\n",
    "print(a)"
   ]
  },
  {
   "cell_type": "markdown",
   "id": "4764d559",
   "metadata": {},
   "source": [
    "**task 7\n",
    "\n",
    "Создать массив b, состоящий из 1 строки и 10 столбцов: целых чисел, убывающих от 20 до 1 невключительно с интервалом 2. В чем разница между массивами a и b?"
   ]
  },
  {
   "cell_type": "code",
   "execution_count": 52,
   "id": "eeaf110e",
   "metadata": {},
   "outputs": [
    {
     "name": "stdout",
     "output_type": "stream",
     "text": [
      "[20 18 16 14 12 10  8  6  4  2]\n"
     ]
    }
   ],
   "source": [
    "b = np.arange(20, 1, -2)\n",
    "print(b)"
   ]
  },
  {
   "cell_type": "markdown",
   "id": "42ec3089",
   "metadata": {},
   "source": [
    "разницы нет..."
   ]
  },
  {
   "cell_type": "markdown",
   "id": "2f385e9c",
   "metadata": {},
   "source": [
    "**task 8\n",
    "\n",
    "Вертикально соединить массивы a и b. a - двумерный массив из нулей, число строк которого больше 1 и на 1 меньше, чем число строк двумерного массива b, состоящего из единиц. Итоговый массив v должен иметь атрибут size, равный 10."
   ]
  },
  {
   "cell_type": "code",
   "execution_count": 53,
   "id": "b3d8eb69",
   "metadata": {},
   "outputs": [
    {
     "name": "stdout",
     "output_type": "stream",
     "text": [
      "[[0. 0.]\n",
      " [0. 0.]\n",
      " [1. 1.]\n",
      " [1. 1.]\n",
      " [1. 1.]]\n"
     ]
    },
    {
     "data": {
      "text/plain": [
       "10"
      ]
     },
     "execution_count": 53,
     "metadata": {},
     "output_type": "execute_result"
    }
   ],
   "source": [
    "a = np.zeros((2, 2))\n",
    "b = np.ones((3, 2))\n",
    "c = np.vstack((a, b))\n",
    "print(c)\n",
    "c.size"
   ]
  },
  {
   "cell_type": "markdown",
   "id": "61e5203a",
   "metadata": {},
   "source": [
    "**task 9\n",
    "\n",
    "Создать одномерный массив а, состоящий из последовательности целых чисел от 0 до 12. Поменять форму этого массива, чтобы получилась матрица A (двумерный массив Numpy), состоящая из 4 строк и 3 столбцов. Получить матрицу At путем транспонирования матрицы A. Получить матрицу B, умножив матрицу A на матрицу At с помощью матричного умножения. Какой размер имеет матрица B? Получится ли вычислить обратную матрицу для матрицы B и почему?"
   ]
  },
  {
   "cell_type": "code",
   "execution_count": 60,
   "id": "b4b635a6",
   "metadata": {},
   "outputs": [
    {
     "name": "stdout",
     "output_type": "stream",
     "text": [
      "[ 0  1  2  3  4  5  6  7  8  9 10 11]\n"
     ]
    }
   ],
   "source": [
    "a = np.arange(12)\n",
    "print(a)"
   ]
  },
  {
   "cell_type": "code",
   "execution_count": 61,
   "id": "9794b17c",
   "metadata": {},
   "outputs": [
    {
     "name": "stdout",
     "output_type": "stream",
     "text": [
      "[[ 0  1  2]\n",
      " [ 3  4  5]\n",
      " [ 6  7  8]\n",
      " [ 9 10 11]]\n"
     ]
    }
   ],
   "source": [
    "A = a.reshape(4, 3)\n",
    "print(A)"
   ]
  },
  {
   "cell_type": "code",
   "execution_count": 63,
   "id": "1e611384",
   "metadata": {},
   "outputs": [
    {
     "name": "stdout",
     "output_type": "stream",
     "text": [
      "[[ 0  3  6  9]\n",
      " [ 1  4  7 10]\n",
      " [ 2  5  8 11]]\n"
     ]
    }
   ],
   "source": [
    "At = A.T\n",
    "print(At)"
   ]
  },
  {
   "cell_type": "code",
   "execution_count": 64,
   "id": "d4c41848",
   "metadata": {},
   "outputs": [
    {
     "name": "stdout",
     "output_type": "stream",
     "text": [
      "[[  5  14  23  32]\n",
      " [ 14  50  86 122]\n",
      " [ 23  86 149 212]\n",
      " [ 32 122 212 302]]\n"
     ]
    },
    {
     "data": {
      "text/plain": [
       "(4, 4)"
      ]
     },
     "execution_count": 64,
     "metadata": {},
     "output_type": "execute_result"
    }
   ],
   "source": [
    "B = A.dot(At)\n",
    "print(B)\n",
    "B.shape"
   ]
  },
  {
   "cell_type": "code",
   "execution_count": 65,
   "id": "3770708a",
   "metadata": {},
   "outputs": [
    {
     "name": "stdout",
     "output_type": "stream",
     "text": [
      "0.0\n"
     ]
    }
   ],
   "source": [
    "d = np.linalg.det(B)\n",
    "print(d)"
   ]
  },
  {
   "cell_type": "markdown",
   "id": "16d3756d",
   "metadata": {},
   "source": [
    "Так как определитель матрицы равен 0, высчитать обратную матрицу невозможно"
   ]
  },
  {
   "cell_type": "markdown",
   "id": "c768d802",
   "metadata": {},
   "source": [
    "**task 10\n",
    "\n",
    "Инициализируйте генератор случайных числе с помощью объекта seed, равного 42."
   ]
  },
  {
   "cell_type": "code",
   "execution_count": 67,
   "id": "7b9cd413",
   "metadata": {},
   "outputs": [],
   "source": [
    "np.random.seed(42)"
   ]
  },
  {
   "cell_type": "markdown",
   "id": "0ac3fa39",
   "metadata": {},
   "source": [
    "**task 11\n",
    "\n",
    "Создайте одномерный массив c, составленный из последовательности 16-ти случайных равномерно распределенных целых чисел от 0 до 16 невключительно. "
   ]
  },
  {
   "cell_type": "code",
   "execution_count": 68,
   "id": "ce100955",
   "metadata": {},
   "outputs": [
    {
     "name": "stdout",
     "output_type": "stream",
     "text": [
      "[ 6  3 12 14 10  7 12  4  6  9  2  6 10 10  7  4]\n"
     ]
    }
   ],
   "source": [
    "c = np.random.randint(0, 16, 16)\n",
    "print(c)"
   ]
  },
  {
   "cell_type": "markdown",
   "id": "7625d146",
   "metadata": {},
   "source": [
    "**task 12\n",
    "\n",
    "Поменяйте его форму так, чтобы получилась квадратная матрица C. Получите матрицу D, поэлементно прибавив матрицу B из предыдущего вопроса к матрице C, умноженной на 10. Вычислите определитель, ранг и обратную матрицу D_inv для D."
   ]
  },
  {
   "cell_type": "code",
   "execution_count": 69,
   "id": "d99033df",
   "metadata": {},
   "outputs": [
    {
     "name": "stdout",
     "output_type": "stream",
     "text": [
      "[[ 6  3 12 14]\n",
      " [10  7 12  4]\n",
      " [ 6  9  2  6]\n",
      " [10 10  7  4]]\n"
     ]
    }
   ],
   "source": [
    "C = c.reshape(4, 4)\n",
    "print(C)"
   ]
  },
  {
   "cell_type": "code",
   "execution_count": 70,
   "id": "c7ea352f",
   "metadata": {},
   "outputs": [
    {
     "name": "stdout",
     "output_type": "stream",
     "text": [
      "[[ 65  44 143 172]\n",
      " [114 120 206 162]\n",
      " [ 83 176 169 272]\n",
      " [132 222 282 342]]\n"
     ]
    }
   ],
   "source": [
    "D = B + C * 10\n",
    "print(D)"
   ]
  },
  {
   "cell_type": "code",
   "execution_count": 71,
   "id": "b4a10d10",
   "metadata": {},
   "outputs": [
    {
     "name": "stdout",
     "output_type": "stream",
     "text": [
      "-28511999.999999944\n"
     ]
    }
   ],
   "source": [
    "d = np.linalg.det(D)\n",
    "print(d)"
   ]
  },
  {
   "cell_type": "code",
   "execution_count": 72,
   "id": "677b6f9f",
   "metadata": {},
   "outputs": [
    {
     "name": "stdout",
     "output_type": "stream",
     "text": [
      "2\n"
     ]
    }
   ],
   "source": [
    "r = np.linalg.matrix_rank(B)\n",
    "print(r)"
   ]
  },
  {
   "cell_type": "code",
   "execution_count": 73,
   "id": "2d37ae30",
   "metadata": {},
   "outputs": [
    {
     "name": "stdout",
     "output_type": "stream",
     "text": [
      "[[ 0.00935396  0.04486532  0.05897517 -0.07286055]\n",
      " [-0.01503577 -0.00122896 -0.00192971  0.00967873]\n",
      " [-0.00356692 -0.01782828 -0.04152146  0.04326178]\n",
      " [ 0.00909091 -0.00181818  0.01272727 -0.01090909]]\n"
     ]
    }
   ],
   "source": [
    "D_inv = np.linalg.inv(D)\n",
    "print(D_inv)"
   ]
  },
  {
   "cell_type": "code",
   "execution_count": 74,
   "id": "339ba4a7",
   "metadata": {},
   "outputs": [
    {
     "name": "stdout",
     "output_type": "stream",
     "text": [
      "[[ 1.00000000e+00 -8.88178420e-16 -8.88178420e-16  1.33226763e-15]\n",
      " [ 2.22044605e-16  1.00000000e+00 -8.88178420e-16  8.88178420e-16]\n",
      " [ 0.00000000e+00 -5.55111512e-17  1.00000000e+00  0.00000000e+00]\n",
      " [ 0.00000000e+00 -3.33066907e-16  0.00000000e+00  1.00000000e+00]]\n"
     ]
    }
   ],
   "source": [
    "print(D.dot(D_inv))"
   ]
  },
  {
   "cell_type": "markdown",
   "id": "03368d67",
   "metadata": {},
   "source": [
    "**task 13\n",
    "\n",
    "Приравняйте к нулю отрицательные числа в матрице D_inv, а положительные - к единице. Убедитесь, что в матрице D_inv остались только нули и единицы. С помощью функции numpy.where, используя матрицу D_inv в качестве маски, а матрицы B и C - в качестве источников данных, получите матрицу E размером 4x4.  Элементы матрицы E, для которых соответствующий элемент матрицы D_inv равен 1, должны быть равны соответствующему элементу матрицы B, а элементы матрицы E, для которых соответствующий элемент матрицы D_inv равен 0, должны быть равны соответствующему элементу матрицы C."
   ]
  },
  {
   "cell_type": "code",
   "execution_count": 75,
   "id": "406f900d",
   "metadata": {},
   "outputs": [
    {
     "name": "stdout",
     "output_type": "stream",
     "text": [
      "[[ 0.00935396  0.04486532  0.05897517 -0.07286055]\n",
      " [-0.01503577 -0.00122896 -0.00192971  0.00967873]\n",
      " [-0.00356692 -0.01782828 -0.04152146  0.04326178]\n",
      " [ 0.00909091 -0.00181818  0.01272727 -0.01090909]]\n"
     ]
    }
   ],
   "source": [
    "print(D_inv)"
   ]
  },
  {
   "cell_type": "code",
   "execution_count": 76,
   "id": "b024d744",
   "metadata": {},
   "outputs": [
    {
     "name": "stdout",
     "output_type": "stream",
     "text": [
      "[[1 1 1 0]\n",
      " [0 0 0 1]\n",
      " [0 0 0 1]\n",
      " [1 0 1 0]]\n"
     ]
    }
   ],
   "source": [
    "D_inv = np.where(D_inv < 0, 0, 1)\n",
    "print(D_inv)"
   ]
  },
  {
   "cell_type": "code",
   "execution_count": 77,
   "id": "9f0464a7",
   "metadata": {},
   "outputs": [
    {
     "name": "stdout",
     "output_type": "stream",
     "text": [
      "[[  5  14  23  32]\n",
      " [ 14  50  86 122]\n",
      " [ 23  86 149 212]\n",
      " [ 32 122 212 302]]\n"
     ]
    }
   ],
   "source": [
    "print(B)"
   ]
  },
  {
   "cell_type": "code",
   "execution_count": 78,
   "id": "89359d69",
   "metadata": {},
   "outputs": [
    {
     "name": "stdout",
     "output_type": "stream",
     "text": [
      "[[ 6  3 12 14]\n",
      " [10  7 12  4]\n",
      " [ 6  9  2  6]\n",
      " [10 10  7  4]]\n"
     ]
    }
   ],
   "source": [
    "print(C)"
   ]
  },
  {
   "cell_type": "code",
   "execution_count": 79,
   "id": "ca71a562",
   "metadata": {},
   "outputs": [
    {
     "name": "stdout",
     "output_type": "stream",
     "text": [
      "[[  5  14  23  14]\n",
      " [ 10   7  12 122]\n",
      " [  6   9   2 212]\n",
      " [ 32  10 212   4]]\n"
     ]
    }
   ],
   "source": [
    "E = np.where(D_inv > 0, B, C)\n",
    "print(E)"
   ]
  }
 ],
 "metadata": {
  "kernelspec": {
   "display_name": "Python 3 (ipykernel)",
   "language": "python",
   "name": "python3"
  },
  "language_info": {
   "codemirror_mode": {
    "name": "ipython",
    "version": 3
   },
   "file_extension": ".py",
   "mimetype": "text/x-python",
   "name": "python",
   "nbconvert_exporter": "python",
   "pygments_lexer": "ipython3",
   "version": "3.9.7"
  }
 },
 "nbformat": 4,
 "nbformat_minor": 5
}
